-10	160

-9	121,93

-8	88,92

-7	60,97

-6	38,08

-5	20,25

-4	7,48

-3	-0,23

-2	-2,88

-1	-0,47

0	7

1	19,53

2	37,12

3	59,77

4	87,48

5	120,25

6	158,08

7	200,97

8	248,92

9	301,93

10	360

11	423,13

12	491,32

13	564,57

14	642,88

15	726,25

16	814,68

17	908,17

18	1006,72

19	1110,33

20	1219

21	1332,73

22	1451,52

23	1575,37

24	1704,28

25	1838,25

26	1977,28

27	2121,37

28	2270,52

29	2424,73

30	2584

31	2748,33

32	2917,72

33	3092,17

34	3271,68

35	3456,25

36	3645,88

37	3840,57

38	4040,32

39	4245,13

40	4455

41	4669,93

42	4889,92

43	5114,97

44	5345,08

45	5580,25

46	5820,48

47	6065,77

48	6316,12

49	6571,53

50	6832

51	7097,53

52	7368,12

53	7643,77

54	7924,48

55	8210,25

56	8501,08

57	8796,97

58	9097,92

59	9403,93

60	9715

61	10031,13

62	10352,32

63	10678,57

64	11009,88

65	11346,25

66	11687,68

67	12034,17

68	12385,72

69	12742,33

70	13104

71	13470,73

72	13842,52

73	14219,37

74	14601,28

75	14988,25

76	15380,28

77	15777,37

78	16179,52

79	16586,73

80	16999

81	17416,33

82	17838,72

83	18266,17

84	18698,68

85	19136,25

86	19578,88

87	20026,57

88	20479,32

89	20937,13

90	21400

91	21867,93

92	22340,92

93	22818,97

94	23302,08

95	23790,25

96	24283,48

97	24781,77

98	25285,12

99	25793,53

100	26307

101	26825,53

102	27349,12

103	27877,77

104	28411,48

105	28950,25

106	29494,08

107	30042,97

108	30596,92

109	31155,93

110	31720

111	32289,13

112	32863,32

113	33442,57

114	34026,88

115	34616,25

116	35210,68

117	35810,17

118	36414,72

119	37024,33

120	37639

121	38258,73

122	38883,52

123	39513,37

124	40148,28

125	40788,25

126	41433,28

127	42083,37

128	42738,52

129	43398,73

130	44064

131	44734,33

132	45409,72

133	46090,17

134	46775,68

135	47466,25

136	48161,88

137	48862,57

138	49568,32

139	50279,13

140	50995

141	51715,93

142	52441,92

143	53172,97

144	53909,08

145	54650,25

146	55396,48

147	56147,77

148	56904,12

149	57665,53

150	58432

151	59203,53

152	59980,12

153	60761,77

154	61548,48

155	62340,25

156	63137,08

157	63938,97

158	64745,92

159	65557,93

160	66375

161	67197,13

162	68024,32

163	68856,57

164	69693,88

165	70536,25

166	71383,68

167	72236,17

168	73093,72

169	73956,33

170	74824

171	75696,73

172	76574,52

173	77457,37

174	78345,28

175	79238,25

176	80136,28

177	81039,37

178	81947,52

179	82860,73

180	83779

181	84702,33

182	85630,72

183	86564,17

184	87502,68

185	88446,25

186	89394,88

187	90348,57

188	91307,32

189	92271,13

190	93240

191	94213,93

192	95192,92

193	96176,97

194	97166,08

195	98160,25

196	99159,48

197	100163,77

198	101173,12

199	102187,53

200	103207

201	104231,53

202	105261,12

203	106295,77

204	107335,48

205	108380,25

206	109430,08

207	110484,97

208	111544,92

209	112609,93

210	113680

211	114755,13

212	115835,32

213	116920,57

214	118010,88

215	119106,25

216	120206,68

217	121312,17

218	122422,72

219	123538,33

220	124659

221	125784,73

222	126915,52

223	128051,37

224	129192,28

225	130338,25

226	131489,28

227	132645,37

228	133806,52

229	134972,73

230	136144

231	137320,33

232	138501,72

233	139688,17

234	140879,68

235	142076,25

236	143277,88

237	144484,57

238	145696,32

239	146913,13

240	148135

241	149361,93

242	150593,92

243	151830,97

244	153073,08

245	154320,25

246	155572,48

247	156829,77

248	158092,12

249	159359,53

250	160632

251	161909,53

252	163192,12

253	164479,77

254	165772,48

255	167070,25

256	168373,08

257	169680,97

258	170993,92

259	172311,93

260	173635

261	174963,13

262	176296,32

263	177634,57

264	178977,88

265	180326,25

266	181679,68

267	183038,17

268	184401,72

269	185770,33

270	187144

271	188522,73

272	189906,52

273	191295,37

274	192689,28

275	194088,25

276	195492,28

277	196901,37

278	198315,52

279	199734,73

280	201159

281	202588,33

282	204022,72

283	205462,17

284	206906,68

285	208356,25

286	209810,88

287	211270,57

288	212735,32

289	214205,13

290	215680

291	217159,93

292	218644,92

293	220134,97

294	221630,08

295	223130,25

296	224635,48

297	226145,77

298	227661,12

299	229181,53

300	230707

301	232237,53

302	233773,12

303	235313,77

304	236859,48

305	238410,25

306	239966,08

307	241526,97

308	243092,92

309	244663,93

310	246240

311	247821,13

312	249407,32

313	250998,57

314	252594,88

315	254196,25

316	255802,68

317	257414,17

318	259030,72

319	260652,33

320	262279

321	263910,73

322	265547,52

323	267189,37

324	268836,28

325	270488,25

326	272145,28

327	273807,37

328	275474,52

329	277146,73

330	278824

331	280506,33

332	282193,72

333	283886,17

334	285583,68

335	287286,25

336	288993,88

337	290706,57

338	292424,32

339	294147,13

340	295875

341	297607,93

342	299345,92

343	301088,97

344	302837,08

345	304590,25

346	306348,48

347	308111,77

348	309880,12

349	311653,53

350	313432

351	315215,53

352	317004,12

353	318797,77

354	320596,48

355	322400,25

356	324209,08

357	326022,97

358	327841,92

359	329665,93

360	331495

361	333329,13

362	335168,32

363	337012,57

364	338861,88

365	340716,25

366	342575,68

367	344440,17

368	346309,72

369	348184,33

370	350064

371	351948,73

372	353838,52

373	355733,37

374	357633,28

375	359538,25

376	361448,28

377	363363,37

378	365283,52

379	367208,73

380	369139

381	371074,33

382	373014,72

383	374960,17

384	376910,68

385	378866,25

386	380826,88

387	382792,57

388	384763,32

389	386739,13

390	388720

391	390705,93

392	392696,92

393	394692,97

394	396694,08

395	398700,25

396	400711,48

397	402727,77

398	404749,12

399	406775,53

400	408807

401	410843,53

402	412885,12

403	414931,77

404	416983,48

405	419040,25

406	421102,08

407	423168,97

408	425240,92

409	427317,93

410	429400

411	431487,13

412	433579,32

413	435676,57

414	437778,88

415	439886,25

416	441998,68

417	444116,17

418	446238,72

419	448366,33

420	450499

421	452636,73

422	454779,52

423	456927,37

424	459080,28

425	461238,25

426	463401,28

427	465569,37

428	467742,52

429	469920,73

430	472104

431	474292,33

432	476485,72

433	478684,17

434	480887,68

435	483096,25

436	485309,88

437	487528,57

438	489752,32

439	491981,13

440	494215

441	496453,93

442	498697,92

443	500946,97

444	503201,08

445	505460,25

446	507724,48

447	509993,77

448	512268,12

449	514547,53

450	516832

451	519121,53

452	521416,12

453	523715,77

454	526020,48

455	528330,25

456	530645,08

457	532964,97

458	535289,92

459	537619,93

460	539955

461	542295,13

462	544640,32

463	546990,57

464	549345,88

465	551706,25

466	554071,68

467	556442,17

468	558817,72

469	561198,33

470	563584

471	565974,73

472	568370,52

473	570771,37

474	573177,28

475	575588,25

476	578004,28

477	580425,37

478	582851,52

479	585282,73

480	587719

481	590160,33

482	592606,72

483	595058,17

484	597514,68

485	599976,25

486	602442,88

487	604914,57

488	607391,32

489	609873,13

490	612360

491	614851,93

492	617348,92

493	619850,97

494	622358,08

495	624870,25

496	627387,48

497	629909,77

498	632437,12

499	634969,53

500	637507

501	640049,53

502	642597,12

503	645149,77

504	647707,48

505	650270,25

506	652838,08

507	655410,97

508	657988,92

509	660571,93

510	663160

511	665753,13

512	668351,32

513	670954,57

514	673562,88

515	676176,25

516	678794,68

517	681418,17

518	684046,72

519	686680,33

520	689319

521	691962,73

522	694611,52

523	697265,37

524	699924,28

525	702588,25

526	705257,28

527	707931,37

528	710610,52

529	713294,73

530	715984

531	718678,33

532	721377,72

533	724082,17

534	726791,68

535	729506,25

536	732225,88

537	734950,57

538	737680,32

539	740415,13

540	743155

541	745899,93

542	748649,92

543	751404,97

544	754165,08

545	756930,25

546	759700,48

547	762475,77

548	765256,12

549	768041,53

550	770832

551	773627,53

552	776428,12

553	779233,77

554	782044,48

555	784860,25

556	787681,08

557	790506,97

558	793337,92

559	796173,93

560	799015

561	801861,13

562	804712,32

563	807568,57

564	810429,88

565	813296,25

566	816167,68

567	819044,17

568	821925,72

569	824812,33

570	827704

571	830600,73

572	833502,52

573	836409,37

574	839321,28

575	842238,25

576	845160,28

577	848087,37

578	851019,52

579	853956,73

580	856899

581	859846,33

582	862798,72

583	865756,17

584	868718,68

585	871686,25

586	874658,88

587	877636,57

588	880619,32

589	883607,13

590	886600

591	889597,93

592	892600,92

593	895608,97

594	898622,08

595	901640,25

596	904663,48

597	907691,77

598	910725,12

599	913763,53

600	916807

601	919855,53

602	922909,12

603	925967,77

604	929031,48

605	932100,25

606	935174,08

607	938252,97

608	941336,92

609	944425,93

610	947520

611	950619,13

612	953723,32

613	956832,57

614	959946,88

615	963066,25

616	966190,68

617	969320,17

618	972454,72

619	975594,33

620	978739

621	981888,73

622	985043,52

623	988203,37

624	991368,28

625	994538,25

626	997713,28

627	1000893,37

628	1004078,52

629	1007268,73

630	1010464

631	1013664,33

632	1016869,72

633	1020080,17

634	1023295,68

635	1026516,25

636	1029741,88

637	1032972,57

638	1036208,32

639	1039449,13

640	1042695

641	1045945,93

642	1049201,92

643	1052462,97

644	1055729,08

645	1059000,25

646	1062276,48

647	1065557,77

648	1068844,12

649	1072135,53

650	1075432

651	1078733,53

652	1082040,12

653	1085351,77

654	1088668,48

655	1091990,25

656	1095317,08

657	1098648,97

658	1101985,92

659	1105327,93

660	1108675

661	1112027,13

662	1115384,32

663	1118746,57

664	1122113,88

665	1125486,25

666	1128863,68

667	1132246,17

668	1135633,72

669	1139026,33

670	1142424

671	1145826,73

672	1149234,52

673	1152647,37

674	1156065,28

675	1159488,25

676	1162916,28

677	1166349,37

678	1169787,52

679	1173230,73

680	1176679

681	1180132,33

682	1183590,72

683	1187054,17

684	1190522,68

685	1193996,25

686	1197474,88

687	1200958,57

688	1204447,32

689	1207941,13

690	1211440

691	1214943,93

692	1218452,92

693	1221966,97

694	1225486,08

695	1229010,25

696	1232539,48

697	1236073,77

698	1239613,12

699	1243157,53

700	1246707

701	1250261,53

702	1253821,12

703	1257385,77

704	1260955,48

705	1264530,25

706	1268110,08

707	1271694,97

708	1275284,92

709	1278879,93

710	1282480

711	1286085,13

712	1289695,32

713	1293310,57

714	1296930,88

715	1300556,25

716	1304186,68

717	1307822,17

718	1311462,72

719	1315108,33

720	1318759

721	1322414,73

722	1326075,52

723	1329741,37

724	1333412,28

725	1337088,25

726	1340769,28

727	1344455,37

728	1348146,52

729	1351842,73

730	1355544

731	1359250,33

732	1362961,72

733	1366678,17

734	1370399,68

735	1374126,25

736	1377857,88

737	1381594,57

738	1385336,32

739	1389083,13

740	1392835

741	1396591,93

742	1400353,92

743	1404120,97

744	1407893,08

745	1411670,25

746	1415452,48

747	1419239,77

748	1423032,12

749	1426829,53

750	1430632

751	1434439,53

752	1438252,12

753	1442069,77

754	1445892,48

755	1449720,25

756	1453553,08

757	1457390,97

758	1461233,92

759	1465081,93

760	1468935

761	1472793,13

762	1476656,32

763	1480524,57

764	1484397,88

765	1488276,25

766	1492159,68

767	1496048,17

768	1499941,72

769	1503840,33

770	1507744

771	1511652,73

772	1515566,52

773	1519485,37

774	1523409,28

775	1527338,25

776	1531272,28

777	1535211,37

778	1539155,52

779	1543104,73

780	1547059

781	1551018,33

782	1554982,72

783	1558952,17

784	1562926,68

785	1566906,25

786	1570890,88

787	1574880,57

788	1578875,32

789	1582875,13

790	1586880

791	1590889,93

792	1594904,92

793	1598924,97

794	1602950,08

795	1606980,25

796	1611015,48

797	1615055,77

798	1619101,12

799	1623151,53

800	1627207

801	1631267,53

802	1635333,12

803	1639403,77

804	1643479,48

805	1647560,25

806	1651646,08

807	1655736,97

808	1659832,92

809	1663933,93

810	1668040

811	1672151,13

812	1676267,32

813	1680388,57

814	1684514,88

815	1688646,25

816	1692782,68

817	1696924,17

818	1701070,72

819	1705222,33

820	1709379

821	1713540,73

822	1717707,52

823	1721879,37

824	1726056,28

825	1730238,25

826	1734425,28

827	1738617,37

828	1742814,52

829	1747016,73

830	1751224

831	1755436,33

832	1759653,72

833	1763876,17

834	1768103,68

835	1772336,25

836	1776573,88

837	1780816,57

838	1785064,32

839	1789317,13

840	1793575

841	1797837,93

842	1802105,92

843	1806378,97

844	1810657,08

845	1814940,25

846	1819228,48

847	1823521,77

848	1827820,12

849	1832123,53

850	1836432

851	1840745,53

852	1845064,12

853	1849387,77

854	1853716,48

855	1858050,25

856	1862389,08

857	1866732,97

858	1871081,92

859	1875435,93

860	1879795

861	1884159,13

862	1888528,32

863	1892902,57

864	1897281,88

865	1901666,25

866	1906055,68

867	1910450,17

868	1914849,72

869	1919254,33

870	1923664

871	1928078,73

872	1932498,52

873	1936923,37

874	1941353,28

875	1945788,25

876	1950228,28

877	1954673,37

878	1959123,52

879	1963578,73

880	1968039

881	1972504,33

882	1976974,72

883	1981450,17

884	1985930,68

885	1990416,25

886	1994906,88

887	1999402,57

888	2003903,32

889	2008409,13

890	2012920

891	2017435,93

892	2021956,92

893	2026482,97

894	2031014,08

895	2035550,25

896	2040091,48

897	2044637,77

898	2049189,12

899	2053745,53

900	2058307

901	2062873,53

902	2067445,12

903	2072021,77

904	2076603,48

905	2081190,25

906	2085782,08

907	2090378,97

908	2094980,92

909	2099587,93

910	2104200

911	2108817,13

912	2113439,32

913	2118066,57

914	2122698,88

915	2127336,25

916	2131978,68

917	2136626,17

918	2141278,72

919	2145936,33

920	2150599

921	2155266,73

922	2159939,52

923	2164617,37

924	2169300,28

925	2173988,25

926	2178681,28

927	2183379,37

928	2188082,52

929	2192790,73

930	2197504

931	2202222,33

932	2206945,72

933	2211674,17

934	2216407,68

935	2221146,25

936	2225889,88

937	2230638,57

938	2235392,32

939	2240151,13

940	2244915

941	2249683,93

942	2254457,92

943	2259236,97

944	2264021,08

945	2268810,25

946	2273604,48

947	2278403,77

948	2283208,12

949	2288017,53

950	2292832

951	2297651,53

952	2302476,12

953	2307305,77

954	2312140,48

955	2316980,25

956	2321825,08

957	2326674,97

958	2331529,92

959	2336389,93

960	2341255

961	2346125,13

962	2351000,32

963	2355880,57

964	2360765,88

965	2365656,25

966	2370551,68

967	2375452,17

968	2380357,72

969	2385268,33

970	2390184

971	2395104,73

972	2400030,52

973	2404961,37

974	2409897,28

975	2414838,25

976	2419784,28

977	2424735,37

978	2429691,52

979	2434652,73

980	2439619

981	2444590,33

982	2449566,72

983	2454548,17

984	2459534,68

985	2464526,25

986	2469522,88
